chirp_mass = bilby.gw.prior.UniformInComponentsChirpMass(name='chirp_mass', minimum=6.76, maximum=8.97, unit='$M_{\odot}$')
mass_ratio = bilby.gw.prior.UniformInComponentsMassRatio(name='mass_ratio', minimum=0.050, maximum=1.0)
chi_1 = bilby.core.prior.Uniform(name='chi_1', minimum=-0.999, maximum=0.999)
chi_2 = bilby.core.prior.Uniform(name='chi_2', minimum=-0.999, maximum=0.999)
luminosity_distance = bilby.gw.prior.UniformSourceFrame(name='luminosity_distance', minimum=5.0, maximum=1200.0)
dec = Cosine(name='dec')
ra = Uniform(name='ra', minimum=0, maximum=2 * np.pi, boundary='periodic')
theta_jn = Sine(name='theta_jn')
psi = Uniform(name='psi', minimum=0, maximum=np.pi, boundary='periodic')
phase = Uniform(name='phase', minimum=0, maximum=2 * np.pi, boundary='periodic')
beta_ppe = bilby.core.prior.Uniform(name='beta_ppe', minimum=-1.14e+01, maximum=7.13e+00)
b_ppe = DeltaFunction(peak=-1.0, name='b_ppe')
mvg = bilby.core.prior.MultivariateGaussianDist(names=['lambda_sigma_0', 'lambda_sigma_1', 'lambda_sigma_2', 'lambda_sigma_3', 'lambda_sigma_4', 'lambda_sigma_5', 'lambda_sigma_6', 'lambda_sigma_7', 'lambda_sigma_8', 'lambda_sigma_9', 'lambda_sigma_10', 'lambda_sigma_11', 'lambda_sigma_12', 'lambda_sigma_13', 'lambda_sigma_14', 'lambda_sigma_15', 'lambda_sigma_16', 'lambda_sigma_17', 'lambda_sigma_18', 'lambda_sigma_19', 'lambda_sigma_20', 'lambda_sigma_21', 'lambda_sigma_22', 'lambda_sigma_23', 'lambda_sigma_24', 'lambda_sigma_25', 'lambda_sigma_26', 'lambda_sigma_27', 'lambda_sigma_28', 'lambda_sigma_29', 'lambda_sigma_30', 'lambda_sigma_31', 'lambda_sigma_32'], mus=[-10157.761133817303, -52672.75366256853, -10780.587004807383, -288541.63843749044, 780302.4408097651, 1721.9987074812866, -506913.56833845173, 1933589.2021174117, -7640.789192146764, -142394.12447063468, 814541.0788195484, 27185.45447317187, 295429.907976093, 62896.95651583761, 1433491.6906890753, -4232659.170490691, 15296.78626202168, 2641780.9701612913, -10662282.262015518, 44467.53222120466, 777979.2892122316, -4598622.288158719, -35213.60746220324, -491460.8482747815, -140345.38550799427, -2360823.4415253554, 7581701.142038921, -70729.13406394965, -4577440.577226979, 19305702.875221852, -89336.7075308918, -1413705.522965561, 8474163.373688303], covs=[[3243060.3118415778, -24164430.61429943, 14045563.83482798, -116184932.3874829, 90602874.12628517, 15985234.607807368, -137198462.5475726, 140362736.18460464, 5218315.569505526, -45293739.94017249, 49309415.559548534, -34959548.736980066, 260399063.8741072, -151643089.04501274, 1254322485.4645872, -980555103.6149437, -172832876.29636073, 1483701142.8120158, -1523026212.8562064, -56484360.73591357, 490473161.82268834, -536227589.51946616, 91442980.13102123, -680906968.7825744, 397265994.7340055, -3285969903.8884687, 2575487524.548967, 453425090.3029669, -3893476406.3894053, 4010571679.7041235, 148351241.83816403, -1288781514.1602457, 1415103026.4447527], [-24164430.61429943, 195188944.85327697, -102522989.52953298, 905081091.0529078, -662731219.133773, -116651993.25376806, 1066893754.2653775, -1054568245.8207337, -38243850.80737419, 354128854.0219048, -377928174.1252584, 260327296.49283984, -2102314591.8402445, 1106028646.0569432, -9763559503.871696, 7164172255.697962, 1260251255.1501641, -11528279763.365692, 11431348885.687765, 413641098.0887903, -3831617847.0599604, 4105885506.7012873, -680525083.8769276, 5494558684.914687, -2895374192.9169087, 25559189039.542747, -18799244608.800377, -3303802612.6950808, 30229242667.004932, -30077262996.559814, -1085603017.7936754, 10060394159.738047, -10826588379.732397], [14045563.83482798, -102522989.52953298, 87777558.41855374, -849444496.9522933, 1458343099.066803, 117465825.35077187, -1222565023.9342809, 2525209377.591488, 42354453.882532604, -455435403.6394581, 1004002472.8135056, -151672188.3461466, 1106415940.6486528, -948876504.7727448, 9178705188.633457, -15758351512.744493, -1271245864.6655042, 13226713668.384775, -27321903110.201195, -458769819.31468165, 4931768472.548657, -10873002088.348839, 397413425.61845237, -2897308254.130187, 2488822378.343958, -24065212253.14309, 41315979882.790825, 3338058370.772086, -34719976481.41804, 71723789254.70709, 1205664956.2304113, -12957276019.460886, 28568484987.812614], [-116184932.3874829, 905081091.0529078, -849444496.9522933, 9018123758.582497, -17877490413.19188, -1200406993.9102857, 13624699649.498697, -31531713991.93708, -446547183.941442, 5218257268.074713, -12752363009.980757, 1254515803.7752035, -9765867461.854954, 9179131697.514885, -97403121122.65869, 193051857963.6492, 12985682686.940931, -147330870202.3365, 340922761460.9259, 4834674951.894071, -56477015694.94847, 138001107610.04123, -3286880578.8100677, 25569559987.737263, -24067695832.10312, 255268621569.34036, -505828249547.8826, -34084152327.494892, 386554354764.4719, -894345480820.7462, -12700082306.559057, 148304347247.5691, -362325334230.2391], [90602874.12628517, -662731219.133773, 1458343099.066803, -17877490413.19188, 48817272593.28327, 2362149827.399752, -30232484920.18495, 87266579425.08519, 934990959.9487321, -12181380925.884928, 35875975866.571465, -981924488.8611397, 7171338540.907205, -15764521396.22282, 193087010334.48755, -526876592074.6064, -25553160412.514866, 326828562880.7052, -942863251147.0619, -10121255950.055754, 131784212709.34068, -387922000599.3743, 2582465531.8174667, -18831710609.826473, 41348698779.14265, -506000693058.154, 1379694330737.5845, 67068881544.9648, -857228788845.0388, 2471546206015.012, 26581977810.708405, -345897070957.2586, 1017630581578.8105], [15985234.607807368, -116651993.25376806, 117465825.35077187, -1200406993.9102857, 2362149827.399752, 170535169.29013523, -1881396220.9564395, 4340610643.913395, 64687143.46972516, -737977024.2721009, 1800300676.954847, -172849748.1047854, 1260456421.9525635, -1271161805.7322087, 12983663948.194498, -25542654561.72125, -1847446094.6187654, 20373206119.36353, -46994819126.37777, -701350923.6375762, 7998281079.24741, -19508405857.387527, 453508172.94067305, -3304718846.391346, 3337639645.9060903, -34073305066.3498, 67013957209.84019, 4855830193.966888, -53526524895.67872, 123444116339.22623, 1844907336.9030235, -21031361776.54954, 51286643260.4489], [-137198462.5475726, 1066893754.2653775, -1222565023.9342809, 13624699649.498697, -30232484920.18495, -1881396220.9564395, 22378179148.450542, -56407285312.04399, -736065594.1704279, 8997913251.686956, -23703501640.836224, 1483767958.8321023, -11528487455.74724, 13226448593.251667, -147314947620.34613, 326747426206.75336, 20375017997.555294, -242235877015.41376, 610390622211.8406, 7977778929.842599, -97481056504.07742, 256718581039.2244, -3893703760.0993304, 30227652537.209785, -34719265235.88194, 386472955828.1513, -856830772798.3921, -53536801886.190475, 636185158121.997, -1602517377693.6035, -20978290081.81645, 256221008020.5244, -674540014516.6605], [140362736.18460464, -1054568245.8207337, 2525209377.591488, -31531713991.93708, 87266579425.08519, 4340610643.913395, -56407285312.04399, 164452631708.08655, 1782365098.0590508, -23538089751.43424, 69903999348.35686, -1524008426.914466, 11431955232.58804, -27326968362.242046, 340923764810.17487, -942768022730.491, -47007225666.54986, 610459275833.8584, -1778658715570.9133, -19315415669.839394, 254928973086.55325, -756668388043.4668, 4015541865.7216067, -30073112258.11769, 71752823355.51009, -894354283592.4537, 2471115483503.668, 123511534946.07994, -1602867468769.5173, 4667176074860.666, 50783808391.003296, -669840374044.613, 1987025649899.1526], [5218315.569505526, -38243850.80737419, 42354453.882532604, -446547183.941442, 934990959.9487321, 64687143.46972516, -736065594.1704279, 1782365098.0590508, 25379790.3134664, -298491822.06142884, 760603207.1008892, -56481503.23081122, 413618941.1544708, -458695101.20470655, 4833389830.600259, -10116516652.920258, -701299075.3893144, 7976395203.163112, -19309194987.601826, -275385273.7856281, 3237480917.849777, -8247418149.559832, 148336085.03160504, -1085432410.3683825, 1205298233.1164536, -12693400794.890135, 26557673006.0143, 1844659852.5227733, -20971004827.591377, 50751178061.72569, 724949208.1760167, -8519020914.083571, 21695817083.60892], [-45293739.94017249, 354128854.0219048, -455435403.6394581, 5218257268.074713, -12181380925.884928, -737977024.2721009, 8997913251.686956, -23538089751.43424, -298491822.06142884, 3734385956.4879913, -10161028121.495443, 490393395.8754741, -3830618702.1587577, 4931142544.553726, -56464691426.84751, 131742528293.83412, 7998387982.6042, -97473267925.74236, 254884332343.34512, 3237802980.403876, -40489380115.37749, 110128690226.17378, -1288341738.7235436, 10054241476.59078, -12954479872.225798, 148242747555.65634, -345695501641.64575, -21032536099.671844, 256183722165.08133, -669621584069.0804, -8520835288.101227, 106504723867.39264, -289574331152.21295], [49309415.559548534, -377928174.1252584, 1004002472.8135056, -12752363009.980757, 35875975866.571465, 1800300676.954847, -23703501640.836224, 69903999348.35686, 760603207.1008892, -10161028121.495443, 30475274887.439995, -536225644.06610996, 4102774588.6510615, -10873216058.10168, 137983058136.78796, -387854935073.6697, -19511573210.201878, 256725978082.78452, -756627118123.2603, -8249343161.749316, 110139673112.0701, -330145299831.48004, 1415123028.1219637, -10808041573.148762, 28571465560.211044, -362241718171.41296, 1017331487378.8876, 51305418132.996544, -674589783870.1576, 1986853500380.1282, 21706359854.141468, -289631487757.71985, 867660300892.1311], [-34959548.736980066, 260327296.49283984, -151672188.3461466, 1254515803.7752035, -981924488.8611397, -172849748.1047854, 1483767958.8321023, -1524008426.914466, -56481503.23081122, 490393395.8754741, -536225644.06610996, 378896334.8312437, -2820464663.1140237, 1646406517.7296617, -13616910911.322657, 10684431604.656694, 1878977409.4611073, -16132528357.579294, 16625251329.56561, 614676063.5818034, -5338949691.580777, 5862386235.271776, -995918664.3348211, 7411045723.860669, -4334353125.18253, 35847330066.587746, -28202122488.576244, -4953706620.866412, 42541967967.30102, -43994079498.34826, -1622324853.3557136, 14097475871.093384, -15546252704.668915], [260399063.8741072, -2102314591.8402445, 1106415940.6486528, -9765867461.854954, 7171338540.907205, 1260456421.9525635, -11528487455.74724, 11431955232.58804, 413618941.1544708, -3830618702.1587577, 4102774588.6510615, -2820464663.1140237, 22765213008.138157, -12000563147.126198, 105916090266.0755, -77936643155.44005, -13690784628.626755, 125239758224.84517, -124578133276.14474, -4497748252.649384, 41668915539.25887, -44808319478.456375, 7408982504.697775, -59787640052.40245, 31568885404.61713, -278620141271.58386, 205508878157.51663, 36066603668.00378, -330001955740.8026, 329369925192.5108, 11862103888.621511, -109939733964.5719, 118722186888.18326], [-151643089.04501274, 1106028646.0569432, -948876504.7727448, 9179131697.514885, -15764521396.22282, -1271161805.7322087, 13226448593.251667, -27326968362.242046, -458695101.20470655, 4931142544.553726, -10873216058.10168, 1646406517.7296617, -12000563147.126198, 10313047779.488255, -99722821032.0737, 171270644979.37717, 13831480402.921839, -143869567011.7127, 297271361569.033, 4995379737.790353, -53686894873.272865, 118391210607.77893, -4335104854.233557, 31578553998.65704, -27183391259.20855, 262742497217.64142, -451257722873.0227, -36497762615.49571, 379511833623.2008, -784220674507.058, -13192707421.796625, 141745374576.4349, -312600717304.58545], [1254322485.4645872, -9763559503.871696, 9178705188.633457, -97403121122.65869, 193087010334.48755, 12983663948.194498, -147314947620.34613, 340923764810.17487, 4833389830.600259, -56464691426.84751, 137983058136.78796, -13616910911.322657, 105916090266.0755, -99722821032.0737, 1057721125231.3208, -2096364923851.8718, -141214668759.40433, 1601608094320.9092, -3706050906702.683, -52613608438.59223, 614421763646.5061, -1501287212326.0735, 35851635213.25657, -278665403445.60516, 262757352834.99472, -2785594045346.091, 5519798912862.331, 372474208489.63556, -4222772884815.6465, 9769865391961.662, 138888835044.08133, -1621344573971.9973, 3961040102664.357], [-980555103.6149437, 7164172255.697962, -15758351512.744493, 193051857963.6492, -526876592074.6064, -25542654561.72125, 326747426206.75336, -942768022730.491, -10116516652.920258, 131742528293.83412, -387854935073.6697, 10684431604.656694, -77936643155.44005, 171270644979.37717, -2096364923851.8718, 5717353127044.599, 277813997050.9022, -3551455145486.271, 10241335354095.307, 110105620243.23724, -1432986841933.2153, 4216596536925.3384, -28238369857.075676, 205653706889.16342, -451434072956.321, 5520649640436.57, -15045142739504.086, -732759411159.5549, 9360749976012.422, -26977746761173.652, -290599427412.2613, 3779684472680.9766, -11115756711823.848], [-172832876.29636073, 1260251255.1501641, -1271245864.6655042, 12985682686.940931, -25553160412.514866, -1847446094.6187654, 20375017997.555294, -47007225666.54986, -701299075.3893144, 7998387982.6042, -19511573210.201878, 1878977409.4611073, -13690784628.626755, 13831480402.921839, -141214668759.40433, 277813997050.9022, 20122366059.781166, -221831804050.94238, 511697536803.7228, 7644871705.202207, -87157256002.57834, 212578269290.55533, -4954103603.362936, 36070356395.26602, -36495608807.87625, 372414116598.799, -732467307518.2616, -53150290350.73629, 585686491464.8549, -1350730930842.6948, -20209050266.3667, 230307494365.5764, -561614138717.6039], [1483701142.8120158, -11528279763.365692, 13226713668.384775, -147330870202.3365, 326828562880.7052, 20373206119.36353, -242235877015.41376, 610459275833.8584, 7976395203.163112, -97473267925.74236, 256725978082.78452, -16132528357.579294, 125239758224.84517, -143869567011.7127, 1601608094320.9092, -3551455145486.271, -221831804050.94238, 2636313187086.146, -6641676159074.559, -86920078957.96797, 1061721551295.9465, -2795531491396.165, 42542445992.990295, -329976980445.14044, 379511718024.3767, -4222345765020.2393, 9358779994252.598, 585746210237.0684, -6957782300105.237, 17522835533940.395, 229689943567.07278, -2804380821575.868, 7381578140646.05], [-1523026212.8562064, 11431348885.687765, -27321903110.201195, 340922761460.9259, -942863251147.0619, -46994819126.37777, 610390622211.8406, -1778658715570.9133, -19309194987.601826, 254884332343.34512, -756627118123.2603, 16625251329.56561, -124578133276.14474, 297271361569.033, -3706050906702.683, 10241335354095.307, 511697536803.7228, -6641676159074.559, 19341767229171.33, 210388885408.0689, -2775502494821.283, 8234529555363.529, -44019650874.121284, 329304804241.59906, -784388588545.1746, 9769920638405.396, -26975826152518.555, -1351103908599.949, 17524642704292.746, -51002322024295.195, -555877635780.4401, 7328708704545.438, -21730602381313.74], [-56484360.73591357, 413641098.0887903, -458769819.31468165, 4834674951.894071, -10121255950.055754, -701350923.6375762, 7977778929.842599, -19315415669.839394, -275385273.7856281, 3237802980.403876, -8249343161.749316, 614676063.5818034, -4497748252.649384, 4995379737.790353, -52613608438.59223, 110105620243.23724, 7644871705.202207, -86920078957.96797, 210388885408.0689, 3004307448.709028, -35308157699.47779, 89935676533.57713, -1622234975.509275, 11860777057.30695, -13190864395.373915, 138853102667.81885, -290472614077.5385, -20207854163.641804, 229650538457.28583, -555703063103.7805, -7947879276.058319, 93367506489.72182, -237755737542.09494], [490473161.82268834, -3831617847.0599604, 4931768472.548657, -56477015694.94847, 131784212709.34068, 7998281079.24741, -97481056504.07742, 254928973086.55325, 3237480917.849777, -40489380115.37749, 110139673112.0701, -5338949691.580777, 41668915539.25887, -53686894873.272865, 614421763646.5061, -1432986841933.2153, -87157256002.57834, 1061721551295.9465, -2775502494821.283, -35308157699.47779, 441380073474.07526, -1200216215006.3618, 14094970915.286509, -109901003387.77493, 141733051437.06, -1621030210885.7407, 3778703013384.19, 230317349857.69608, -2804200924458.0674, 7327627022640.88, 93378017492.20905, -1166748473885.879, 3171452701245.6143], [-536227589.51946616, 4105885506.7012873, -10873002088.348839, 138001107610.04123, -387922000599.3743, -19508405857.387527, 256718581039.2244, -756668388043.4668, -8247418149.559832, 110128690226.17378, -330145299831.48004, 5862386235.271776, -44808319478.456375, 118391210607.77893, -1501287212326.0735, 4216596536925.3384, 212578269290.55533, -2795531491396.165, 8234529555363.529, 89935676533.57713, -1200216215006.3618, 3595988156231.6924, -15546513956.354301, 118609460831.51656, -312626719449.7728, 3960650834405.632, -11114453039951.617, -561726741648.9263, 7381904835663.113, -21729934887055.055, -237814802543.07532, 3171756077935.7427, -9497346035529.982], [91442980.13102123, -680525083.8769276, 397413425.61845237, -3286880578.8100677, 2582465531.8174667, 453508172.94067305, -3893703760.0993304, 4015541865.7216067, 148336085.03160504, -1288341738.7235436, 1415123028.1219637, -995918664.3348211, 7408982504.697775, -4335104854.233557, 35851635213.25657, -28238369857.075676, -4954103603.362936, 42542445992.990295, -44019650874.121284, -1622234975.509275, 14094970915.286509, -15546513956.354301, 2629718768.3810873, -19556490054.08304, 11465216512.653868, -94815427700.19072, 74884031388.62498, 13121226791.250515, -112702759687.96555, 117026491952.59955, 4301385832.4821005, -37389390092.59226, 41417990613.828835], [-680906968.7825744, 5494558684.914687, -2897308254.130187, 25569559987.737263, -18831710609.826473, -3304718846.391346, 30227652537.209785, -30073112258.11769, -1085432410.3683825, 10054241476.59078, -10808041573.148762, 7411045723.860669, -59787640052.40245, 31578553998.65704, -278665403445.60516, 205653706889.16342, 36070356395.26602, -329976980445.14044, 329304804241.59906, 11860777057.30695, -109901003387.77493, 118609460831.51656, -19556490054.08304, 157730754657.6312, -83451402116.052, 736396415569.8114, -544777566372.4304, -95458829768.33046, 873456015884.5444, -874639161933.2244, -31424714891.71374, 291292787838.4348, -315701384318.65906], [397265994.7340055, -2895374192.9169087, 2488822378.343958, -24067695832.10312, 41348698779.14265, 3337639645.9060903, -34719265235.88194, 71752823355.51009, 1205298233.1164536, -12954479872.225798, 28571465560.211044, -4334353125.18253, 31568885404.61713, -27183391259.20855, 262757352834.99472, -451434072956.321, -36495608807.87625, 379511718024.3767, -784388588545.1746, -13190864395.373915, 141733051437.06, -312626719449.7728, 11465216512.653868, -83451402116.052, 71981908550.20401, -695485625951.043, 1194920030986.1492, 96748707299.54202, -1005735492600.9279, 2078844214561.3462, 34998450059.84262, -375939122197.3356, 829287726528.0775], [-3285969903.8884687, 25559189039.542747, -24065212253.14309, 255268621569.34036, -506000693058.154, -34073305066.3498, 386472955828.1513, -894354283592.4537, -12693400794.890135, 148242747555.65634, -362241718171.41296, 35847330066.587746, -278620141271.58386, 262742497217.64142, -2785594045346.091, 5520649640436.57, 372414116598.799, -4222345765020.2393, 9769920638405.396, 138853102667.81885, -1621030210885.7407, 3960650834405.632, -94815427700.19072, 736396415569.8114, -695485625951.043, 7369805241952.2, -14602985076100.932, -986834468814.9612, 11183879814787.729, -25874246687473.305, -368239635157.10516, 4297359754715.259, -10498225722109.92], [2575487524.548967, -18799244608.800377, 41315979882.790825, -505828249547.8826, 1379694330737.5845, 67013957209.84019, -856830772798.3921, 2471115483503.668, 26557673006.0143, -345695501641.64575, 1017331487378.8876, -28202122488.576244, 205508878157.51663, -451257722873.0227, 5519798912862.331, -15045142739504.086, -732467307518.2616, 9358779994252.598, -26975826152518.555, -290472614077.5385, 3778703013384.19, -11114453039951.617, 74884031388.62498, -544777566372.4304, 1194920030986.1492, -14602985076100.932, 39773205927164.19, 1940887798926.4365, -24781247464733.473, 71387465025758.27, 770191727848.2434, -10012907233455.24, 29435265922716.434], [453425090.3029669, -3303802612.6950808, 3338058370.772086, -34084152327.494892, 67068881544.9648, 4855830193.966888, -53536801886.190475, 123511534946.07994, 1844659852.5227733, -21032536099.671844, 51305418132.996544, -4953706620.866412, 36066603668.00378, -36497762615.49571, 372474208489.63556, -732759411159.5549, -53150290350.73629, 585746210237.0684, -1351103908599.949, -20207854163.641804, 230317349857.69608, -561726741648.9263, 13121226791.250515, -95458829768.33046, 96748707299.54202, -986834468814.9612, 1940887798926.4365, 141040457484.9022, -1553667914805.1794, 3583054423425.644, 53667539540.92864, -611425239556.9681, 1490932940177.051], [-3893476406.3894053, 30229242667.004932, -34719976481.41804, 386554354764.4719, -857228788845.0388, -53526524895.67872, 636185158121.997, -1602867468769.5173, -20971004827.591377, 256183722165.08133, -674589783870.1576, 42541967967.30102, -330001955740.8026, 379511833623.2008, -4222772884815.6465, 9360749976012.422, 585686491464.8549, -6957782300105.237, 17524642704292.746, 229650538457.28583, -2804200924458.0674, 7381904835663.113, -112702759687.96555, 873456015884.5444, -1005735492600.9279, 11183879814787.729, -24781247464733.473, -1553667914805.1794, 18447962704451.188, -46449490198114.12, -609679662653.772, 7441233412482.6875, -19582306772770.39], [4010571679.7041235, -30077262996.559814, 71723789254.70709, -894345480820.7462, 2471546206015.012, 123444116339.22623, -1602517377693.6035, 4667176074860.666, 50751178061.72569, -669621584069.0804, 1986853500380.1282, -43994079498.34826, 329369925192.5108, -784220674507.058, 9769865391961.662, -26977746761173.652, -1350730930842.6948, 17522835533940.395, -51002322024295.195, -555703063103.7805, 7327627022640.88, -21729934887055.055, 117026491952.59955, -874639161933.2244, 2078844214561.3462, -25874246687473.305, 71387465025758.27, 3583054423425.644, -46449490198114.12, 135110043527603.5, 1475071439769.6868, -19438364227173.875, 57610383085578.61], [148351241.83816403, -1085603017.7936754, 1205664956.2304113, -12700082306.559057, 26581977810.708405, 1844907336.9030235, -20978290081.81645, 50783808391.003296, 724949208.1760167, -8520835288.101227, 21706359854.141468, -1622324853.3557136, 11862103888.621511, -13192707421.796625, 138888835044.08133, -290599427412.2613, -20209050266.3667, 229689943567.07278, -555877635780.4401, -7947879276.058319, 93378017492.20905, -237814802543.07532, 4301385832.4821005, -31424714891.71374, 34998450059.84262, -368239635157.10516, 770191727848.2434, 53667539540.92864, -609679662653.772, 1475071439769.6868, 21124177389.67426, -248075647133.32684, 631623046099.2588], [-1288781514.1602457, 10060394159.738047, -12957276019.460886, 148304347247.5691, -345897070957.2586, -21031361776.54954, 256221008020.5244, -669840374044.613, -8519020914.083571, 106504723867.39264, -289631487757.71985, 14097475871.093384, -109939733964.5719, 141745374576.4349, -1621344573971.9973, 3779684472680.9766, 230307494365.5764, -2804380821575.868, 7328708704545.438, 93367506489.72182, -1166748473885.879, 3171756077935.7427, -37389390092.59226, 291292787838.4348, -375939122197.3356, 4297359754715.259, -10012907233455.24, -611425239556.9681, 7441233412482.6875, -19438364227173.875, -248075647133.32684, 3098548304320.633, -8420071754551.627], [1415103026.4447527, -10826588379.732397, 28568484987.812614, -362325334230.2391, 1017630581578.8105, 51286643260.4489, -674540014516.6605, 1987025649899.1526, 21695817083.60892, -289574331152.21295, 867660300892.1311, -15546252704.668915, 118722186888.18326, -312600717304.58545, 3961040102664.357, -11115756711823.848, -561614138717.6039, 7381578140646.05, -21730602381313.74, -237755737542.09494, 3171452701245.6143, -9497346035529.982, 41417990613.828835, -315701384318.65906, 829287726528.0775, -10498225722109.92, 29435265922716.434, 1490932940177.051, -19582306772770.39, 57610383085578.61, 631623046099.2588, -8420071754551.627, 25200094047612.496]])
lambda_sigma_0 = bilby.core.prior.MultivariateGaussian(dist=mvg, name='lambda_sigma_0')
lambda_sigma_1 = bilby.core.prior.MultivariateGaussian(dist=mvg, name='lambda_sigma_1')
lambda_sigma_2 = bilby.core.prior.MultivariateGaussian(dist=mvg, name='lambda_sigma_2')
lambda_sigma_3 = bilby.core.prior.MultivariateGaussian(dist=mvg, name='lambda_sigma_3')
lambda_sigma_4 = bilby.core.prior.MultivariateGaussian(dist=mvg, name='lambda_sigma_4')
lambda_sigma_5 = bilby.core.prior.MultivariateGaussian(dist=mvg, name='lambda_sigma_5')
lambda_sigma_6 = bilby.core.prior.MultivariateGaussian(dist=mvg, name='lambda_sigma_6')
lambda_sigma_7 = bilby.core.prior.MultivariateGaussian(dist=mvg, name='lambda_sigma_7')
lambda_sigma_8 = bilby.core.prior.MultivariateGaussian(dist=mvg, name='lambda_sigma_8')
lambda_sigma_9 = bilby.core.prior.MultivariateGaussian(dist=mvg, name='lambda_sigma_9')
lambda_sigma_10 = bilby.core.prior.MultivariateGaussian(dist=mvg, name='lambda_sigma_10')
lambda_sigma_11 = bilby.core.prior.MultivariateGaussian(dist=mvg, name='lambda_sigma_11')
lambda_sigma_12 = bilby.core.prior.MultivariateGaussian(dist=mvg, name='lambda_sigma_12')
lambda_sigma_13 = bilby.core.prior.MultivariateGaussian(dist=mvg, name='lambda_sigma_13')
lambda_sigma_14 = bilby.core.prior.MultivariateGaussian(dist=mvg, name='lambda_sigma_14')
lambda_sigma_15 = bilby.core.prior.MultivariateGaussian(dist=mvg, name='lambda_sigma_15')
lambda_sigma_16 = bilby.core.prior.MultivariateGaussian(dist=mvg, name='lambda_sigma_16')
lambda_sigma_17 = bilby.core.prior.MultivariateGaussian(dist=mvg, name='lambda_sigma_17')
lambda_sigma_18 = bilby.core.prior.MultivariateGaussian(dist=mvg, name='lambda_sigma_18')
lambda_sigma_19 = bilby.core.prior.MultivariateGaussian(dist=mvg, name='lambda_sigma_19')
lambda_sigma_20 = bilby.core.prior.MultivariateGaussian(dist=mvg, name='lambda_sigma_20')
lambda_sigma_21 = bilby.core.prior.MultivariateGaussian(dist=mvg, name='lambda_sigma_21')
lambda_sigma_22 = bilby.core.prior.MultivariateGaussian(dist=mvg, name='lambda_sigma_22')
lambda_sigma_23 = bilby.core.prior.MultivariateGaussian(dist=mvg, name='lambda_sigma_23')
lambda_sigma_24 = bilby.core.prior.MultivariateGaussian(dist=mvg, name='lambda_sigma_24')
lambda_sigma_25 = bilby.core.prior.MultivariateGaussian(dist=mvg, name='lambda_sigma_25')
lambda_sigma_26 = bilby.core.prior.MultivariateGaussian(dist=mvg, name='lambda_sigma_26')
lambda_sigma_27 = bilby.core.prior.MultivariateGaussian(dist=mvg, name='lambda_sigma_27')
lambda_sigma_28 = bilby.core.prior.MultivariateGaussian(dist=mvg, name='lambda_sigma_28')
lambda_sigma_29 = bilby.core.prior.MultivariateGaussian(dist=mvg, name='lambda_sigma_29')
lambda_sigma_30 = bilby.core.prior.MultivariateGaussian(dist=mvg, name='lambda_sigma_30')
lambda_sigma_31 = bilby.core.prior.MultivariateGaussian(dist=mvg, name='lambda_sigma_31')
lambda_sigma_32 = bilby.core.prior.MultivariateGaussian(dist=mvg, name='lambda_sigma_32')